version: 1
n_points:106
{
2.005114 19.732925
1.810289 27.466818
1.715348 35.199524
2.052702 42.933563
2.994854 50.622768
4.418964 58.231594
6.306114 65.225281
8.629381 71.956772
11.669787 78.392548
15.448970 84.426338
19.857084 90.014885
24.759766 95.165138
30.006584 99.950325
35.526901 104.409126
41.550472 108.196213
48.329681 110.554817
55.562729 111.282722
63.085587 110.433449
69.943237 107.985909
76.092232 104.197716
81.772682 99.775978
87.168404 95.015167
92.191307 89.861099
96.702339 84.248604
100.559357 78.165932
103.642181 71.656837
105.985649 64.844955
107.820496 57.870621
109.169464 50.082779
110.041679 42.488319
110.367828 34.854435
110.288841 27.229876
109.961380 19.615259
10.567043 12.740224
16.219677 5.981311
24.849539 3.943294
33.906258 4.820604
42.536613 7.462924
18.126097 11.378860
25.778294 10.774514
33.476902 11.426994
41.021431 12.855452
67.596596 7.406024
76.522324 4.740015
85.662674 3.838969
94.165413 5.887506
99.814552 12.429495
69.376846 12.926076
77.280960 11.366346
85.122391 10.662359
92.585274 11.207518
20.444502 26.195250
26.327999 23.390751
33.380714 23.766949
38.443848 27.545721
32.470905 29.439251
25.820118 29.048458
29.918934 23.192585
29.117996 29.600559
30.192480 26.106804
29.547703 26.986410
72.063400 27.556406
77.133972 23.755217
84.182320 23.427563
90.046204 26.208017
84.878914 29.029516
78.265747 29.494112
80.651733 23.204128
81.689522 29.611567
80.379417 26.119184
81.203865 26.973654
55.092945 25.613203
55.005222 35.001148
54.921997 44.178303
54.844860 53.614037
48.855343 27.642231
61.511047 27.642893
43.623455 48.982452
66.276054 49.094086
38.911968 57.118435
70.933960 57.337463
43.942291 62.459694
49.332848 63.153912
54.958416 63.634308
60.679569 63.225830
66.003250 62.593151
36.593338 80.139656
50.429855 74.234528
54.929707 75.519531
59.382931 74.208755
73.599625 80.240799
55.114052 90.632912
42.617031 76.519989
67.223045 76.557228
66.271904 87.600502
44.050571 87.632812
37.464409 80.191216
72.742546 80.310455
50.509327 79.548431
55.042915 80.004753
59.566082 79.557640
50.498299 82.951317
55.047920 83.427956
59.585892 82.943436
50.368305 90.159767
59.839314 90.144341
}