version: 1
n_points:182
{
2.770480 21.377844
2.412691 28.094994
2.054896 34.812359
2.419797 41.485043
2.784683 48.157906
4.022260 54.757107
5.259823 61.356163
7.180228 67.678108
9.100641 73.999130
11.929070 79.587952
14.757477 85.176842
18.537331 89.980835
22.317352 94.784035
26.837212 98.839279
31.356962 102.894089
36.785686 106.004868
42.214321 109.115654
48.819927 110.246323
55.425453 111.376671
62.097004 110.288353
68.768562 109.199692
74.286591 106.107109
79.804924 103.015381
84.427261 98.978798
89.049782 94.942879
92.918747 90.156097
96.788307 85.368698
99.689308 79.764526
102.590179 74.160324
104.548676 67.852821
106.506935 61.544918
107.779251 54.952721
109.051910 48.360611
109.463882 41.701656
109.876122 35.042942
109.584442 28.332485
109.292747 21.622042
12.031224 13.019181
17.209141 7.011521
20.834948 5.770824
24.460888 4.530087
28.562647 4.488161
32.664246 4.446211
36.565395 5.225009
40.466457 6.003807
43.329636 8.619025
46.192909 11.234217
42.707367 11.436446
39.221428 11.638709
35.748123 11.283735
32.274422 10.928833
28.749735 10.873424
25.224701 10.818052
21.907495 11.296702
18.590387 11.775384
66.159355 11.114321
69.089134 8.510506
72.019409 5.906713
76.006798 5.197343
79.994537 4.487978
84.159386 4.617926
88.324486 4.747873
91.967041 6.083843
95.608528 7.419820
100.722321 13.584766
94.085793 12.201051
90.741737 11.641477
87.397629 11.081818
83.824089 11.060752
80.252174 11.039678
76.722626 11.338182
73.193207 11.636705
69.676224 11.375505
19.343504 25.349323
21.055929 24.505932
22.768522 23.662544
24.698038 23.221651
26.627478 22.780836
28.759249 22.589108
30.891026 22.397432
33.069206 22.553726
35.247292 22.710140
37.214142 23.244467
39.181229 23.778837
40.874134 24.955580
42.566570 26.132212
40.652054 26.458891
38.737144 26.785553
36.863991 27.069736
34.991020 27.353724
32.989609 27.534910
30.988190 27.715895
28.927452 27.613590
26.866701 27.511358
24.949436 27.133694
23.032152 26.756069
21.187868 26.052641
30.824984 25.136889
70.065170 26.206264
71.779022 25.046436
73.492630 23.886436
75.466721 23.378643
77.440697 22.870880
79.618317 22.750048
81.796951 22.629410
83.929245 22.858345
86.061310 23.087315
87.980362 23.564425
89.899437 24.041586
91.588661 24.914024
93.277878 25.786615
91.411545 26.455553
89.545166 27.124485
87.616493 27.468470
85.688843 27.812750
83.624619 27.886362
81.560020 27.960064
79.572708 27.750254
77.584740 27.540243
75.728317 27.231367
73.872040 26.922216
71.968155 26.564276
81.576714 25.381281
48.832558 24.036142
48.344791 34.647793
46.555130 45.477325
40.307972 51.975777
43.036308 59.170223
47.876507 59.346828
52.716633 59.523205
55.865231 59.481472
59.136795 59.557583
64.059105 59.401112
68.981430 59.244694
71.804108 52.031311
65.471092 45.538361
63.856773 34.688850
63.531116 24.097883
56.081959 23.225742
56.018471 32.552532
55.954910 41.879417
55.893879 51.022026
36.789772 77.202629
39.766155 75.213058
42.742493 73.223831
46.566219 71.865944
50.390060 70.508385
53.204498 71.070091
56.019176 71.631531
58.835739 71.061783
61.652420 70.491966
65.506989 71.833977
69.361870 73.175789
72.376091 75.163673
75.390327 77.152000
72.916634 79.629944
70.443108 82.108231
67.302124 83.831291
64.161156 85.554611
60.079617 86.188560
55.998302 86.821640
51.937550 86.198853
47.877029 85.575974
44.766544 83.859352
41.656349 82.143372
40.159142 79.730927
38.662125 77.318558
42.840393 76.761543
47.018517 76.204712
51.523655 76.304733
56.028912 76.404465
60.555122 76.288315
65.081963 76.171913
69.294136 76.721085
73.506424 77.270866
69.315857 77.927879
65.126022 78.584686
60.572445 79.044930
56.019432 79.505379
51.487991 79.062103
46.956947 78.618546
42.809673 77.968323
}