version: 1
n_points:117
{
13.949074 8.685973
21.773737 7.643162
29.776936 7.276137
37.802422 7.792381
45.698727 8.285541
40.292660 1.433347
30.243292 0.000000
20.470028 1.665456
98.050926 8.685973
90.226273 7.643162
82.223061 7.276137
74.197586 7.792381
66.301270 8.285541
71.707336 1.433347
81.756706 0.000000
91.529961 1.665456
22.908718 22.459139
27.077366 24.393723
31.793898 25.140892
36.594601 24.764406
41.178085 23.666573
37.569748 20.488174
32.445225 19.423571
27.217907 20.084070
89.091286 22.459139
84.922646 24.393723
80.206100 25.140892
75.405403 24.764406
70.821922 23.666573
74.430252 20.488174
79.554771 19.423571
84.782089 20.084070
56.000000 47.680492
56.000000 41.791393
56.000000 35.902836
56.000000 30.013876
56.000000 24.125376
50.285313 24.100958
47.900208 34.156155
44.978691 44.037884
40.455410 51.818356
41.410244 56.230236
47.813862 58.968983
56.000000 59.345879
64.186134 58.968983
70.589760 56.230236
71.544586 51.818356
67.021309 44.037884
64.099792 34.156155
61.714687 24.100958
52.326336 30.762768
48.652672 37.400517
59.673664 30.762768
63.347328 37.400517
38.066776 77.445518
42.679428 82.592499
48.671581 86.457626
56.000000 87.756821
63.328419 86.457626
69.320572 82.592499
73.933220 77.445518
68.104584 72.928009
60.616207 69.635818
56.000000 70.525749
51.383793 69.635818
43.895416 72.928009
44.529991 78.528839
50.177128 79.314125
56.000000 79.788994
61.822872 79.314125
67.470009 78.528839
67.442970 76.553436
61.806904 76.008118
56.000000 76.096321
50.193096 76.008118
44.557026 76.553436
0.016087 24.595152
0.000000 30.388514
0.056828 36.181931
0.359917 41.970486
0.939839 47.747086
1.842275 53.489166
3.048590 59.178410
4.541327 64.790718
6.387479 70.286087
8.617928 75.615105
11.346091 80.683693
14.510118 85.462593
18.104954 89.899971
22.003174 94.048607
26.159332 97.907249
30.492413 101.518486
34.987209 104.842484
39.709511 107.775482
44.775063 110.111237
50.260368 111.571449
56.000000 112.000008
61.739632 111.571449
67.224937 110.111237
72.290489 107.775482
77.012779 104.842484
81.507591 101.518486
85.840668 97.907249
89.996811 94.048607
93.895035 89.899971
97.489883 85.462593
100.653908 80.683693
103.382065 75.615105
105.612518 70.286087
107.458664 64.790718
108.951408 59.178410
110.157730 53.489166
111.060158 47.747086
111.640083 41.970486
111.943169 36.181931
112.000000 30.388514
111.983910 24.595152
}