version: 1
n_points:76
{
0.000000 11.085508
10.420250 9.754618
21.078255 9.286202
31.765942 9.945059
42.281601 10.574457
35.082237 1.829318
21.699308 0.000000
8.684077 2.125548
111.999992 11.085508
101.579742 9.754618
90.921730 9.286202
80.234062 9.945059
69.718391 10.574457
76.917740 1.829318
90.300674 0.000000
103.315895 2.125548
11.931723 28.663567
17.483191 31.132584
23.764280 32.086166
30.157467 31.605671
36.261375 30.204559
31.456087 26.148119
24.631666 24.789410
17.670351 25.632380
100.068268 28.663567
94.516815 31.132584
88.235710 32.086166
81.842537 31.605671
75.738617 30.204559
80.543900 26.148119
87.368317 24.789410
94.329636 25.632380
55.999992 60.852421
55.999992 53.336433
55.999992 45.821136
55.999992 38.305332
55.999992 30.790108
48.389641 30.758945
45.213348 43.591927
41.322712 56.203526
35.298981 66.133385
36.570545 71.764061
45.098362 75.259399
55.999992 75.740425
66.901627 75.259399
75.429451 71.764061
76.701012 66.133385
70.677277 56.203526
66.786636 43.591927
63.610344 30.758945
51.107708 39.261108
46.215416 47.732559
60.892281 39.261108
65.784569 47.732559
32.117992 98.840141
38.260746 105.409004
46.240601 110.341888
55.999992 111.999992
65.759384 110.341888
73.739250 105.409004
79.881996 98.840141
72.119888 93.074661
62.147484 88.872993
55.999992 90.008766
49.852505 88.872993
39.880100 93.074661
40.725170 100.222740
48.245571 101.224968
55.999992 101.831024
63.754414 101.224968
71.274818 100.222740
71.238815 97.701637
63.733150 97.005661
55.999992 97.118233
48.266834 97.005661
40.761173 97.701637
}